out 0 00000000000000000000000000000010 00000002 2
out 1 00000000000000000000000000000001 00000001 1
out 2 00000000000000000000000000000001 00000001 1
out 3 00000000000000000000000000000001 00000001 1
out 4 00000000000000000000001011001100 000002cc 716
out 5 00000000000000000000001011010000 000002d0 720
out 6 00000000000000000000001011010100 000002d4 724
out.s 7 00111111100110011001100110011001 1.200000
out.s 8 01000000011000000000000000000000 3.500000
out.s 9 01000000100001100110011001100101 4.199999
out 10 00000000000000000000001111100111 000003e7 999
out 11 00000000000000000000001111100111 000003e7 999
out 12 00000000000000000000001111100111 000003e7 999
out 13 00000000000000000000001111100111 000003e7 999
out.s 14 01000000100001100110011001100101 4.199999
out 15 00000000000000000000000000000010 00000002 2
out 16 00000000000000000000000000000011 00000003 3
out 17 00000000000000000000000000000100 00000004 4
out 18 00000000000000000000001011100000 000002e0 736
out 19 00000000000000000000001011111000 000002f8 760
out 20 00000000000000000000001100101000 00000328 808
out.s 21 00111111110110011001100110011001 1.700000
out.s 22 01000000010100110011001100110011 3.300000
out.s 23 01000000101100111000010100011110 5.610000
out.s 24 01000000000110011001100110011001 2.400000
out.s 25 11000001001000000000000000000000 -10.000000
out.s 26 11000001101111111111111111111111 -23.999998
out.s 27 01000000101100000000000000000000 5.500000
out.s 28 01000001011100110011001100110011 15.200000
out.s 29 01000010101001110011001100110011 83.599998
out.s 30 00111111110110011001100110011001 1.700000
out.s 31 01000001000100011001100110011001 9.099999
out.s 32 01000001011101111000010100011101 15.469998
out.s 33 01000000000110011001100110011001 2.400000
out.s 34 11000000001000000000000000000000 -2.500000
out.s 35 11000000101111111111111111111111 -6.000000
out.s 36 01000000101100000000000000000000 5.500000
out.s 37 01000000010011001100110011001100 3.200000
out.s 38 01000001100011001100110011001100 17.599998
out.s 39 00111111110110011001100110011001 1.700000
out.s 40 01000000001100110011001100110011 2.800000
out.s 41 01000000100110000101000111101010 4.759999
out.s 42 01000000000110011001100110011001 2.400000
out.s 43 01000001011100000000000000000000 15.000000
out.s 44 01000010000011111111111111111111 35.999996
out.s 45 01000000101100000000000000000000 5.500000
out.s 46 01000000010001100110011001100110 3.100000
out.s 47 01000001100010000110011001100110 17.049999
out.s 48 00111111110110011001100110011001 1.700000
out.s 49 10111101110011001100110011001100 -0.100000
out.s 50 10111110001011100001010001111001 -0.170000
out.s 51 01000000000110011001100110011001 2.400000
out.s 52 01000001000001001100110011001100 8.299999
out.s 53 01000001100111110101110000100111 19.919996
out.s 54 01000000101100000000000000000000 5.500000
out.s 55 01000001000011001100110011001100 8.799999
out.s 56 01000010010000011001100110011000 48.399994
out.s 57 01000000100000110011001100110011 4.100000
out.s 58 01000000010100110011001100110011 3.300000
out.s 59 01000001010110000111101011100000 13.529999
out.s 60 00111111101001100110011001100110 1.300000
out.s 61 11000001001000000000000000000000 -10.000000
out.s 62 11000001010011111111111111111111 -12.999999
out.s 63 01000000100011001100110011001100 4.400000
out.s 64 01000001011100110011001100110011 15.200000
out.s 65 01000010100001011100001010001110 66.879990
out.s 66 01000000100000110011001100110011 4.100000
out.s 67 01000001000100011001100110011001 9.099999
out.s 68 01000010000101010011110101101111 37.309994
out.s 69 00111111101001100110011001100110 1.300000
out.s 70 11000000001000000000000000000000 -2.500000
out.s 71 11000000010011111111111111111111 -3.250000
out.s 72 01000000100011001100110011001100 4.400000
out.s 73 01000000010011001100110011001100 3.200000
out.s 74 01000001011000010100011110101011 14.079997
out.s 75 01000000100000110011001100110011 4.100000
out.s 76 01000000001100110011001100110011 2.800000
out.s 77 01000001001101111010111000010011 11.479999
out.s 78 00111111101001100110011001100110 1.300000
out.s 79 01000001011100000000000000000000 15.000000
out.s 80 01000001100110111111111111111111 19.499998
out.s 81 01000000100011001100110011001100 4.400000
out.s 82 01000000010001100110011001100110 3.100000
out.s 83 01000001010110100011110101101110 13.639997
out.s 84 01000000100000110011001100110011 4.100000
out.s 85 10111101110011001100110011001100 -0.100000
out.s 86 10111110110100011110101110000011 -0.410000
out.s 87 00111111101001100110011001100110 1.300000
out.s 88 01000001000001001100110011001100 8.299999
out.s 89 01000001001011001010001111010101 10.789998
out.s 90 01000000100011001100110011001100 4.400000
out.s 91 01000001000011001100110011001100 8.799999
out.s 92 01000010000110101110000101000101 38.719990
out 93 00000000000000000000001111100111 000003e7 999
out 94 00000000000000000000001111100111 000003e7 999
out 95 00000000000000000000001111100111 000003e7 999
out 96 00000000000000000000001111100111 000003e7 999
out.s 97 01000010100000100110101110000101 65.209999
out.s 98 01000001110110001000111101011011 27.069998
out.s 99 01000010011001110011110101101111 57.809994
out.s 100 01000010100010000100110011001011 68.149986
out.s 101 01000010100001101101000111101010 67.409988
out.s 102 01000010010000001000111101011010 48.139992
out.s 103 01000010001100100111101011011111 44.619991
out.s 104 01000010010001000110011001100011 49.099987
